9 24
-2.85572 -1.18461 -2.55031 0.41054 0.161689 -0.888762 0.12416
0 0 0 1 0 0 0
-2 1 0 1 0 0 0
0.5 0.75 0 1 0 0 0
0.7 0 0 1 0 0 0
-0.5 0.75 0 1 0 0 0
-0.7 0 0 1 0 0 0
0.375 -0.75 0 1 0 0 0
0 -1 0 1 0 0 0
-0.375 -0.75 0 1 0 0 0
0 -1 0 1 0 0 0
0 0.75 0 1 0 0 0
2 1 0 1 0 0 0
0.5 0.75 0 1 0 0 0
0.7 0 0 1 0 0 0
-0.5 0.75 0 1 0 0 0
-0.7 0 0 1 0 0 0
0.375 -0.75 0 1 0 0 0
0 -1 0 1 0 0 0
-0.375 -0.75 0 1 0 0 0
0 -1 0 1 0 0 0
0 0.75 0 1 0 0 0
-2 3 4 1 0 0 0
4 3 -3 1 0 0 0
-0.225236 2.26741 3.29706 0.835711 -0.216586 -0.187442 -0.468555
0 0 0 1 0 0 0
-2 1 0 1 0 0 0
0.5 0.75 0 1 0 0 0
0.7 0 0 1 0 0 0
-0.5 0.75 0 1 0 0 0
-0.7 0 0 1 0 0 0
0.375 -0.75 0 1 0 0 0
0 -1 0 1 0 0 0
-0.375 -0.75 0 1 0 0 0
0 -1 0 1 0 0 0
0 0.75 0 1 0 0 0
2 1 0 1 0 0 0
0.5 0.75 0 1 0 0 0
0.7 0 0 1 0 0 0
-0.5 0.75 0 1 0 0 0
-0.7 0 0 1 0 0 0
0.375 -0.75 0 1 0 0 0
0 -1 0 1 0 0 0
-0.375 -0.75 0 1 0 0 0
0 -1 0 1 0 0 0
0 0.75 0 1 0 0 0
-2 3 4 1 0 0 0
4 3 -3 1 0 0 0
3.23786 1.52183 -1.80632 0.522938 -0.534345 0.645356 -0.156614
0 0 0 1 0 0 0
-2 1 0 1 0 0 0
0.5 0.75 0 1 0 0 0
0.7 0 0 1 0 0 0
-0.5 0.75 0 1 0 0 0
-0.7 0 0 1 0 0 0
0.375 -0.75 0 1 0 0 0
0 -1 0 1 0 0 0
-0.375 -0.75 0 1 0 0 0
0 -1 0 1 0 0 0
0 0.75 0 1 0 0 0
2 1 0 1 0 0 0
0.5 0.75 0 1 0 0 0
0.7 0 0 1 0 0 0
-0.5 0.75 0 1 0 0 0
-0.7 0 0 1 0 0 0
0.375 -0.75 0 1 0 0 0
0 -1 0 1 0 0 0
-0.375 -0.75 0 1 0 0 0
0 -1 0 1 0 0 0
0 0.75 0 1 0 0 0
-2 3 4 1 0 0 0
4 3 -3 1 0 0 0
-2.82412 2.40086 1.52406 -0.770771 0.144152 0.540438 0.305056
0 0 0 1 0 0 0
-2 1 0 1 0 0 0
0.5 0.75 0 1 0 0 0
0.7 0 0 1 0 0 0
-0.5 0.75 0 1 0 0 0
-0.7 0 0 1 0 0 0
0.375 -0.75 0 1 0 0 0
0 -1 0 1 0 0 0
-0.375 -0.75 0 1 0 0 0
0 -1 0 1 0 0 0
0 0.75 0 1 0 0 0
2 1 0 1 0 0 0
0.5 0.75 0 1 0 0 0
0.7 0 0 1 0 0 0
-0.5 0.75 0 1 0 0 0
-0.7 0 0 1 0 0 0
0.375 -0.75 0 1 0 0 0
0 -1 0 1 0 0 0
-0.375 -0.75 0 1 0 0 0
0 -1 0 1 0 0 0
0 0.75 0 1 0 0 0
-2 3 4 1 0 0 0
4 3 -3 1 0 0 0
3.93131 -0.663912 0.408053 -0.489143 0.420582 -0.4912 0.585296
0 0 0 1 0 0 0
-2 1 0 1 0 0 0
0.5 0.75 0 1 0 0 0
0.7 0 0 1 0 0 0
-0.5 0.75 0 1 0 0 0
-0.7 0 0 1 0 0 0
0.375 -0.75 0 1 0 0 0
0 -1 0 1 0 0 0
-0.375 -0.75 0 1 0 0 0
0 -1 0 1 0 0 0
0 0.75 0 1 0 0 0
2 1 0 1 0 0 0
0.5 0.75 0 1 0 0 0
0.7 0 0 1 0 0 0
-0.5 0.75 0 1 0 0 0
-0.7 0 0 1 0 0 0
0.375 -0.75 0 1 0 0 0
0 -1 0 1 0 0 0
-0.375 -0.75 0 1 0 0 0
0 -1 0 1 0 0 0
0 0.75 0 1 0 0 0
-2 3 4 1 0 0 0
4 3 -3 1 0 0 0
1.43686 -0.620545 -3.68956 -0.152131 0.356611 -0.906118 0.169219
0 0 0 1 0 0 0
-2 1 0 1 0 0 0
0.5 0.75 0 1 0 0 0
0.7 0 0 1 0 0 0
-0.5 0.75 0 1 0 0 0
-0.7 0 0 1 0 0 0
0.375 -0.75 0 1 0 0 0
0 -1 0 1 0 0 0
-0.375 -0.75 0 1 0 0 0
0 -1 0 1 0 0 0
0 0.75 0 1 0 0 0
2 1 0 1 0 0 0
0.5 0.75 0 1 0 0 0
0.7 0 0 1 0 0 0
-0.5 0.75 0 1 0 0 0
-0.7 0 0 1 0 0 0
0.375 -0.75 0 1 0 0 0
0 -1 0 1 0 0 0
-0.375 -0.75 0 1 0 0 0
0 -1 0 1 0 0 0
0 0.75 0 1 0 0 0
-2 3 4 1 0 0 0
4 3 -3 1 0 0 0
3.49657 0.643721 1.8499 -0.856581 0.0527489 -0.513244 -0.00820175
0 0 0 1 0 0 0
-2 1 0 1 0 0 0
0.5 0.75 0 1 0 0 0
0.7 0 0 1 0 0 0
-0.5 0.75 0 1 0 0 0
-0.7 0 0 1 0 0 0
0.375 -0.75 0 1 0 0 0
0 -1 0 1 0 0 0
-0.375 -0.75 0 1 0 0 0
0 -1 0 1 0 0 0
0 0.75 0 1 0 0 0
2 1 0 1 0 0 0
0.5 0.75 0 1 0 0 0
0.7 0 0 1 0 0 0
-0.5 0.75 0 1 0 0 0
-0.7 0 0 1 0 0 0
0.375 -0.75 0 1 0 0 0
0 -1 0 1 0 0 0
-0.375 -0.75 0 1 0 0 0
0 -1 0 1 0 0 0
0 0.75 0 1 0 0 0
-2 3 4 1 0 0 0
4 3 -3 1 0 0 0
-1.81023 0.205438 3.56978 -0.956165 0.0403663 0.217085 -0.192336
0 0 0 1 0 0 0
-2 1 0 1 0 0 0
0.5 0.75 0 1 0 0 0
0.7 0 0 1 0 0 0
-0.5 0.75 0 1 0 0 0
-0.7 0 0 1 0 0 0
0.375 -0.75 0 1 0 0 0
0 -1 0 1 0 0 0
-0.375 -0.75 0 1 0 0 0
0 -1 0 1 0 0 0
0 0.75 0 1 0 0 0
2 1 0 1 0 0 0
0.5 0.75 0 1 0 0 0
0.7 0 0 1 0 0 0
-0.5 0.75 0 1 0 0 0
-0.7 0 0 1 0 0 0
0.375 -0.75 0 1 0 0 0
0 -1 0 1 0 0 0
-0.375 -0.75 0 1 0 0 0
0 -1 0 1 0 0 0
0 0.75 0 1 0 0 0
-2 3 4 1 0 0 0
4 3 -3 1 0 0 0
-3.97036 -0.359976 0.411325 -0.74053 -0.0697599 0.667408 -0.0362617
0 0 0 1 0 0 0
-2 1 0 1 0 0 0
0.5 0.75 0 1 0 0 0
0.7 0 0 1 0 0 0
-0.5 0.75 0 1 0 0 0
-0.7 0 0 1 0 0 0
0.375 -0.75 0 1 0 0 0
0 -1 0 1 0 0 0
-0.375 -0.75 0 1 0 0 0
0 -1 0 1 0 0 0
0 0.75 0 1 0 0 0
2 1 0 1 0 0 0
0.5 0.75 0 1 0 0 0
0.7 0 0 1 0 0 0
-0.5 0.75 0 1 0 0 0
-0.7 0 0 1 0 0 0
0.375 -0.75 0 1 0 0 0
0 -1 0 1 0 0 0
-0.375 -0.75 0 1 0 0 0
0 -1 0 1 0 0 0
0 0.75 0 1 0 0 0
-2 3 4 1 0 0 0
4 3 -3 1 0 0 0
