7 25
3.47758 -1.39328 1.42398 0.803363 0.316967 0.490887 0.114755
0 0 0 1 0 0 0
-2 1 0 1 0 0 0
0.5 0.75 0 1 0 0 0
0.7 0 0 1 0 0 0
-0.5 0.75 0 1 0 0 0
-0.7 0 0 1 0 0 0
0.375 -0.75 0 1 0 0 0
0 -1 0 1 0 0 0
-0.375 -0.75 0 1 0 0 0
0 -1 0 1 0 0 0
0 0.75 0 1 0 0 0
2 1 0 1 0 0 0
0.5 0.75 0 1 0 0 0
0.7 0 0 1 0 0 0
-0.5 0.75 0 1 0 0 0
-0.7 0 0 1 0 0 0
0.375 -0.75 0 1 0 0 0
0 -1 0 1 0 0 0
-0.375 -0.75 0 1 0 0 0
0 -1 0 1 0 0 0
0 0.75 0 1 0 0 0
-2 3 4 1 0 0 0
4 3 -3 1 0 0 0
0 0 0 1 0 0 0
2.26707 0.56208 -3.25684 0.202226 0.493779 0.824196 0.189703
0 0 0 1 0 0 0
-2 1 0 1 0 0 0
0.5 0.75 0 1 0 0 0
0.7 0 0 1 0 0 0
-0.5 0.75 0 1 0 0 0
-0.7 0 0 1 0 0 0
0.375 -0.75 0 1 0 0 0
0 -1 0 1 0 0 0
-0.375 -0.75 0 1 0 0 0
0 -1 0 1 0 0 0
0 0.75 0 1 0 0 0
2 1 0 1 0 0 0
0.5 0.75 0 1 0 0 0
0.7 0 0 1 0 0 0
-0.5 0.75 0 1 0 0 0
-0.7 0 0 1 0 0 0
0.375 -0.75 0 1 0 0 0
0 -1 0 1 0 0 0
-0.375 -0.75 0 1 0 0 0
0 -1 0 1 0 0 0
0 0.75 0 1 0 0 0
-2 3 4 1 0 0 0
4 3 -3 1 0 0 0
0 0 0 1 0 0 0
-3.45075 1.91021 0.71127 -0.728469 0.0880078 0.639171 0.230322
0 0 0 1 0 0 0
-2 1 0 1 0 0 0
0.5 0.75 0 1 0 0 0
0.7 0 0 1 0 0 0
-0.5 0.75 0 1 0 0 0
-0.7 0 0 1 0 0 0
0.375 -0.75 0 1 0 0 0
0 -1 0 1 0 0 0
-0.375 -0.75 0 1 0 0 0
0 -1 0 1 0 0 0
0 0.75 0 1 0 0 0
2 1 0 1 0 0 0
0.5 0.75 0 1 0 0 0
0.7 0 0 1 0 0 0
-0.5 0.75 0 1 0 0 0
-0.7 0 0 1 0 0 0
0.375 -0.75 0 1 0 0 0
0 -1 0 1 0 0 0
-0.375 -0.75 0 1 0 0 0
0 -1 0 1 0 0 0
0 0.75 0 1 0 0 0
-2 3 4 1 0 0 0
4 3 -3 1 0 0 0
0 0 0 1 0 0 0
1.31325 -0.820913 3.69648 -0.896217 -0.056394 -0.182617 0.400332
0 0 0 1 0 0 0
-2 1 0 1 0 0 0
0.5 0.75 0 1 0 0 0
0.7 0 0 1 0 0 0
-0.5 0.75 0 1 0 0 0
-0.7 0 0 1 0 0 0
0.375 -0.75 0 1 0 0 0
0 -1 0 1 0 0 0
-0.375 -0.75 0 1 0 0 0
0 -1 0 1 0 0 0
0 0.75 0 1 0 0 0
2 1 0 1 0 0 0
0.5 0.75 0 1 0 0 0
0.7 0 0 1 0 0 0
-0.5 0.75 0 1 0 0 0
-0.7 0 0 1 0 0 0
0.375 -0.75 0 1 0 0 0
0 -1 0 1 0 0 0
-0.375 -0.75 0 1 0 0 0
0 -1 0 1 0 0 0
0 0.75 0 1 0 0 0
-2 3 4 1 0 0 0
4 3 -3 1 0 0 0
0 0 0 1 0 0 0
3.23508 0.150309 -2.36096 -0.450845 -0.0415026 -0.891608 -0.00713391
0 0 0 1 0 0 0
-2 1 0 1 0 0 0
0.5 0.75 0 1 0 0 0
0.7 0 0 1 0 0 0
-0.5 0.75 0 1 0 0 0
-0.7 0 0 1 0 0 0
0.375 -0.75 0 1 0 0 0
0 -1 0 1 0 0 0
-0.375 -0.75 0 1 0 0 0
0 -1 0 1 0 0 0
0 0.75 0 1 0 0 0
2 1 0 1 0 0 0
0.5 0.75 0 1 0 0 0
0.7 0 0 1 0 0 0
-0.5 0.75 0 1 0 0 0
-0.7 0 0 1 0 0 0
0.375 -0.75 0 1 0 0 0
0 -1 0 1 0 0 0
-0.375 -0.75 0 1 0 0 0
0 -1 0 1 0 0 0
0 0.75 0 1 0 0 0
-2 3 4 1 0 0 0
4 3 -3 1 0 0 0
0 0 0 1 0 0 0
-0.876003 2.83643 -2.69254 0.0712368 0.106729 -0.920278 -0.369625
0 0 0 1 0 0 0
-2 1 0 1 0 0 0
0.5 0.75 0 1 0 0 0
0.7 0 0 1 0 0 0
-0.5 0.75 0 1 0 0 0
-0.7 0 0 1 0 0 0
0.375 -0.75 0 1 0 0 0
0 -1 0 1 0 0 0
-0.375 -0.75 0 1 0 0 0
0 -1 0 1 0 0 0
0 0.75 0 1 0 0 0
2 1 0 1 0 0 0
0.5 0.75 0 1 0 0 0
0.7 0 0 1 0 0 0
-0.5 0.75 0 1 0 0 0
-0.7 0 0 1 0 0 0
0.375 -0.75 0 1 0 0 0
0 -1 0 1 0 0 0
-0.375 -0.75 0 1 0 0 0
0 -1 0 1 0 0 0
0 0.75 0 1 0 0 0
-2 3 4 1 0 0 0
4 3 -3 1 0 0 0
0 0 0 1 0 0 0
-2.48502 3.01437 0.89484 0.406874 0.0984615 -0.63775 -0.646555
0 0 0 1 0 0 0
-2 1 0 1 0 0 0
0.5 0.75 0 1 0 0 0
0.7 0 0 1 0 0 0
-0.5 0.75 0 1 0 0 0
-0.7 0 0 1 0 0 0
0.375 -0.75 0 1 0 0 0
0 -1 0 1 0 0 0
-0.375 -0.75 0 1 0 0 0
0 -1 0 1 0 0 0
0 0.75 0 1 0 0 0
2 1 0 1 0 0 0
0.5 0.75 0 1 0 0 0
0.7 0 0 1 0 0 0
-0.5 0.75 0 1 0 0 0
-0.7 0 0 1 0 0 0
0.375 -0.75 0 1 0 0 0
0 -1 0 1 0 0 0
-0.375 -0.75 0 1 0 0 0
0 -1 0 1 0 0 0
0 0.75 0 1 0 0 0
-2 3 4 1 0 0 0
4 3 -3 1 0 0 0
0 0 0 1 0 0 0
